File Name: ./covtype-nominal-combinedClass-min~0-Actual.arff
BLOCK_SIZE: 2000
min_index: 0
Total number of examples: 522911

Class 0 ratio:
0.0 - 0.76
Mean: 0.38 | Std. Dev.: 0.189
q1, q2, q3: 0.226, 0.36, 0.55 | iqr: 0.324

Class 1 ratio:
0.24 - 1.0
Mean: 0.62 | Std. Dev.: 0.189
q1, q2, q3: 0.45, 0.64, 0.774 | iqr: 0.324

Estimated minority clusters:
1 - 26
Mean: 2.524 | Std. Dev.: 4.169
q1, q2, q3: 1, 1.0, 1 | iqr: 0

Safe ratio:
0.658 - 0.994
Mean: 0.899 | Std. Dev.: 0.07
q1, q2, q3: 0.872, 0.92, 0.948 | iqr: 0.075

Borderline ratio:
0.002 - 0.259
Mean: 0.073 | Std. Dev.: 0.051
q1, q2, q3: 0.039, 0.058, 0.092 | iqr: 0.053

Rare ratio:
0.0 - 0.08
Mean: 0.019 | Std. Dev.: 0.015
q1, q2, q3: 0.009, 0.014, 0.026 | iqr: 0.017

Outlier ratio:
0.0 - 0.054
Mean: 0.009 | Std. Dev.: 0.008
q1, q2, q3: 0.003, 0.007, 0.012 | iqr: 0.009

Latex table row:
522911 & 262 (8) & 1-26 (1) & 0\%-76\% (36\%) & 66\%-99\% (92\%) & 0\%-26\% (6\%) & 0\%-8\% (1\%) & 0\%-5\% (1\%)

plot_xticks:
[2000, 4000, 6000, 8000, 10000, 12000, 14000, 16000, 18000, 20000, 22000, 24000, 26000, 28000, 30000, 32000, 34000, 36000, 38000, 40000, 42000, 44000, 46000, 48000, 50000, 52000, 54000, 56000, 58000, 60000, 62000, 64000, 66000, 68000, 70000, 72000, 74000, 76000, 78000, 80000, 82000, 84000, 86000, 88000, 90000, 92000, 94000, 96000, 98000, 100000, 102000, 104000, 106000, 108000, 110000, 112000, 114000, 116000, 118000, 120000, 122000, 124000, 126000, 128000, 130000, 132000, 134000, 136000, 138000, 140000, 142000, 144000, 146000, 148000, 150000, 152000, 154000, 156000, 158000, 160000, 162000, 164000, 166000, 168000, 170000, 172000, 174000, 176000, 178000, 180000, 182000, 184000, 186000, 188000, 190000, 192000, 194000, 196000, 198000, 200000, 202000, 204000, 206000, 208000, 210000, 212000, 214000, 216000, 218000, 220000, 222000, 224000, 226000, 228000, 230000, 232000, 234000, 236000, 238000, 240000, 242000, 244000, 246000, 248000, 250000, 252000, 254000, 256000, 258000, 260000, 262000, 264000, 266000, 268000, 270000, 272000, 274000, 276000, 278000, 280000, 282000, 284000, 286000, 288000, 290000, 292000, 294000, 296000, 298000, 300000, 302000, 304000, 306000, 308000, 310000, 312000, 314000, 316000, 318000, 320000, 322000, 324000, 326000, 328000, 330000, 332000, 334000, 336000, 338000, 340000, 342000, 344000, 346000, 348000, 350000, 352000, 354000, 356000, 358000, 360000, 362000, 364000, 366000, 368000, 370000, 372000, 374000, 376000, 378000, 380000, 382000, 384000, 386000, 388000, 390000, 392000, 394000, 396000, 398000, 400000, 402000, 404000, 406000, 408000, 410000, 412000, 414000, 416000, 418000, 420000, 422000, 424000, 426000, 428000, 430000, 432000, 434000, 436000, 438000, 440000, 442000, 444000, 446000, 448000, 450000, 452000, 454000, 456000, 458000, 460000, 462000, 464000, 466000, 468000, 470000, 472000, 474000, 476000, 478000, 480000, 482000, 484000, 486000, 488000, 490000, 492000, 494000, 496000, 498000, 500000, 502000, 504000, 506000, 508000, 510000, 512000, 514000, 516000, 518000, 520000, 522000, 522911]
