File Name: ./INSECTS-incremental-reoccurring_imbalanced_norm_By-species_min~ae-albopictus-Actual.arff
BLOCK_SIZE: 2000
min_index: 1
Total number of examples: 406840

Class 0 ratio:
0.83 - 0.998
Mean: 0.906 | Std. Dev.: 0.03
q1, q2, q3: 0.894, 0.904, 0.926 | iqr: 0.032

Class 1 ratio:
0.002 - 0.17
Mean: 0.094 | Std. Dev.: 0.03
q1, q2, q3: 0.074, 0.096, 0.106 | iqr: 0.032

Estimated minority clusters:
0 - 26
Mean: 14.261 | Std. Dev.: 4.724
q1, q2, q3: 11, 15, 17 | iqr: 6

Safe ratio:
0.0 - 0.275
Mean: 0.069 | Std. Dev.: 0.066
q1, q2, q3: 0.021, 0.042, 0.104 | iqr: 0.083

Borderline ratio:
0.0 - 0.576
Mean: 0.321 | Std. Dev.: 0.077
q1, q2, q3: 0.279, 0.323, 0.365 | iqr: 0.086

Rare ratio:
0.0 - 0.411
Mean: 0.281 | Std. Dev.: 0.063
q1, q2, q3: 0.243, 0.283, 0.331 | iqr: 0.088

Outlier ratio:
0.055 - 1.0
Mean: 0.328 | Std. Dev.: 0.11
q1, q2, q3: 0.268, 0.321, 0.375 | iqr: 0.107

Latex table row:
406840 & 204 (1) & 0-26 (15) & 0\%-17\% (10\%) & 0\%-27\% (4\%) & 0\%-58\% (32\%) & 0\%-41\% (28\%) & 5\%-100\% (32\%)

plot_xticks:
[2000, 4000, 6000, 8000, 10000, 12000, 14000, 16000, 18000, 20000, 22000, 24000, 26000, 28000, 30000, 32000, 34000, 36000, 38000, 40000, 42000, 44000, 46000, 48000, 50000, 52000, 54000, 56000, 58000, 60000, 62000, 64000, 66000, 68000, 70000, 72000, 74000, 76000, 78000, 80000, 82000, 84000, 86000, 88000, 90000, 92000, 94000, 96000, 98000, 100000, 102000, 104000, 106000, 108000, 110000, 112000, 114000, 116000, 118000, 120000, 122000, 124000, 126000, 128000, 130000, 132000, 134000, 136000, 138000, 140000, 142000, 144000, 146000, 148000, 150000, 152000, 154000, 156000, 158000, 160000, 162000, 164000, 166000, 168000, 170000, 172000, 174000, 176000, 178000, 180000, 182000, 184000, 186000, 188000, 190000, 192000, 194000, 196000, 198000, 200000, 202000, 204000, 206000, 208000, 210000, 212000, 214000, 216000, 218000, 220000, 222000, 224000, 226000, 228000, 230000, 232000, 234000, 236000, 238000, 240000, 242000, 244000, 246000, 248000, 250000, 252000, 254000, 256000, 258000, 260000, 262000, 264000, 266000, 268000, 270000, 272000, 274000, 276000, 278000, 280000, 282000, 284000, 286000, 288000, 290000, 292000, 294000, 296000, 298000, 300000, 302000, 304000, 306000, 308000, 310000, 312000, 314000, 316000, 318000, 320000, 322000, 324000, 326000, 328000, 330000, 332000, 334000, 336000, 338000, 340000, 342000, 344000, 346000, 348000, 350000, 352000, 354000, 356000, 358000, 360000, 362000, 364000, 366000, 368000, 370000, 372000, 374000, 376000, 378000, 380000, 382000, 384000, 386000, 388000, 390000, 392000, 394000, 396000, 398000, 400000, 402000, 404000, 406000, 406840]
